1 0.14037626628075253 0.5063938618925832 0.2532561505065123 0.9053708439897699
1 0.23589001447178004 0.21611253196930946 0.0694645441389291 0.23017902813299232
1 0.3346599131693198 0.5645780051150895 0.2698986975397974 0.870843989769821
1 0.41316931982633864 0.3280051150895141 0.09985528219971057 0.6483375959079284
1 0.6121562952243126 0.440537084398977 0.09840810419681621 0.6329923273657289
1 0.6186685962373372 0.7896419437340153 0.19971056439942114 0.42071611253196933
1 0.8238060781476122 0.6687979539641944 0.24819102749638206 0.6624040920716112
1 0.751808972503618 0.6739130434782609 0.09696092619392185 0.5831202046035806
1 0.9743125904486252 0.7448849104859335 0.05137481910274964 0.29539641943734013
0 0.4482633863965268 0.5773657289002557 0.057163531114327065 0.11381074168797954
