1 0.41015625 0.4840277777777778 0.21875 0.9319444444444445
0 0.821875 0.6888888888888889 0.1109375 0.5305555555555556
0 0.955078125 0.6083333333333333 0.07109375 0.13333333333333333
0 0.900390625 0.64375 0.06953125 0.18194444444444444
0 0.694140625 0.6388888888888888 0.08359375 0.22777777777777777
0 0.734375 0.5486111111111112 0.0265625 0.06111111111111111
0 0.566796875 0.6402777777777777 0.13828125 0.225
0 0.566015625 0.5513888888888889 0.06171875 0.10277777777777777
0 0.47265625 0.5659722222222222 0.05 0.1125
0 0.50859375 0.56875 0.0203125 0.09305555555555556
0 0.459375 0.5090277777777777 0.028125 0.06527777777777778
