1 0.09967672413793104 0.39229166666666665 0.16217672413793102 0.6204166666666666
1 0.24501616379310345 0.3879166666666667 0.10479525862068965 0.40166666666666667
1 0.33674568965517243 0.39395833333333335 0.08728448275862069 0.32208333333333333
1 0.41796875 0.3935416666666667 0.07354525862068965 0.2554166666666667
1 0.4787176724137931 0.3935416666666667 0.05818965517241379 0.21958333333333332
1 0.5420258620689655 0.391875 0.047952586206896554 0.20291666666666666
1 0.5980603448275862 0.39125 0.040948275862068964 0.18583333333333332
1 0.6610991379310345 0.3935416666666667 0.041487068965517244 0.17708333333333334
1 0.7225215517241379 0.391875 0.043642241379310345 0.17125
1 0.7896012931034483 0.3929166666666667 0.04956896551724138 0.16916666666666666
1 0.8591056034482759 0.38666666666666666 0.05172413793103448 0.17916666666666667
1 0.9563577586206896 0.38979166666666665 0.07704741379310345 0.19375
